{
    "camera_angle_x": 2980.0,
    "frames": [
        {
            "file_path": "./images/image000.png",
            "rotation": 0.0,
            "transform_matrix": [
                [
                    0.022908479112900736,
                    0.9860149627127527,
                    -0.16507481604200788,
                    -3.6943615242607732,
                    2980.0
                ],
                [
                    0.9986435759150334,
                    -0.03029175169252775,
                    -0.042348766960010976,
                    -1.5813707700510555,
                    3975.0
                ],
                [
                    -0.046756923213240466,
                    -0.1638807587423465,
                    -0.985371446230133,
                    -0.16745985045361755,
                    3334.375349836319
                ]
            ]
        },
        {
            "file_path": "./images/image001.png",
            "rotation": 0.0,
            "transform_matrix": [
                [
                    0.0097474197479376,
                    0.9937769227219885,
                    -0.11096132512489541,
                    -1.6721716616681945,
                    2980.0
                ],
                [
                    0.9990140752632197,
                    -0.014484461376381614,
                    -0.041965197540462185,
                    -1.5874229104479582,
                    3975.0
                ],
                [
                    -0.04331125990122454,
                    -0.11044287321439684,
                    -0.9929383195958937,
                    -0.17830082796579258,
                    3334.375349836319
                ]
            ]
        },
        {
            "file_path": "./images/image002.png",
            "rotation": 0.0,
            "transform_matrix": [
                [
                    0.003244284772986641,
                    0.9976335635273202,
                    -0.06867858137798244,
                    0.2726454287875795,
                    2980.0
                ],
                [
                    0.9996503238293875,
                    -0.005037873258969649,
                    -0.025958619008481502,
                    -1.444935646336789,
                    3975.0
                ],
                [
                    -0.026243183574267546,
                    -0.06857034896226609,
                    -0.9973010591386536,
                    -0.14455389745187555,
                    3334.375349836319
                ]
            ]
        },
        {
            "file_path": "./images/image003.png",
            "rotation": 0.0,
            "transform_matrix": [
                [
                    0.0008199976542018889,
                    0.9996225597089006,
                    0.027460257188757,
                    2.9932180056247852,
                    2980.0
                ],
                [
                    0.9997691133203647,
                    -0.0002298718545714786,
                    -0.021486442458958473,
                    -1.2672159263449143,
                    3975.0
                ],
                [
                    -0.021472020269615078,
                    0.027471535813566244,
                    -0.9993919486695825,
                    -0.21891942757250152,
                    3334.375349836319
                ]
            ]
        },
        {
            "file_path": "./images/image004.png",
            "rotation": 0.0,
            "transform_matrix": [
                [
                    0.0019590000511030274,
                    0.9991788722399819,
                    0.04046904481251891,
                    4.274192308144026,
                    2980.0
                ],
                [
                    0.9999678208575646,
                    -0.0016425085803741632,
                    -0.007852350917862499,
                    -0.9694981585200814,
                    3975.0
                ],
                [
                    -0.007779432381198331,
                    0.040483125309211034,
                    -0.9991499371951265,
                    0.043756668333824536,
                    3334.375349836319
                ]
            ]
        },
        {
            "file_path": "./images/image005.png",
            "rotation": 0.0,
            "transform_matrix": [
                [
                    -0.004084439899216846,
                    0.9994378832143708,
                    0.033275140070145155,
                    4.714260333410289,
                    2980.0
                ],
                [
                    0.9999407677663789,
                    0.0044176729086225445,
                    -0.009947116409154745,
                    -0.23407281803235522,
                    3975.0
                ],
                [
                    -0.010088523652871053,
                    0.03323254071013104,
                    -0.999396727995672,
                    -0.023613338851007446,
                    3334.375349836319
                ]
            ]
        },
        {
            "file_path": "./images/image006.png",
            "rotation": 0.0,
            "transform_matrix": [
                [
                    0.001251630007612276,
                    0.9996955452223406,
                    -0.024642448842009425,
                    2.2016360211128756,
                    2980.0
                ],
                [
                    0.9999359758569488,
                    -0.001528305786873013,
                    -0.011211978792052721,
                    -0.3015996271184173,
                    3975.0
                ],
                [
                    -0.011246226448710433,
                    -0.02462683788123879,
                    -0.9996334534451292,
                    -0.1739865422421185,
                    3334.375349836319
                ]
            ]
        },
        {
            "file_path": "./images/image007.png",
            "rotation": 0.0,
            "transform_matrix": [
                [
                    0.0018983994949113559,
                    0.9934137302357161,
                    -0.11456682180508271,
                    -0.7490851216519342,
                    2980.0
                ],
                [
                    0.9998820240533047,
                    -0.003631972436712672,
                    -0.014924702720159095,
                    -0.38783362527016363,
                    3975.0
                ],
                [
                    -0.01524250814085022,
                    -0.11452497262771477,
                    -0.9933034262450712,
                    -0.2694192541268158,
                    3334.375349836319
                ]
            ]
        },
        {
            "file_path": "./images/image008.png",
            "rotation": 0.0,
            "transform_matrix": [
                [
                    0.005941269335306231,
                    0.9824600904594142,
                    -0.18637830338632502,
                    -3.0399842577654206,
                    2980.0
                ],
                [
                    0.9998742289383656,
                    -0.008577262013070594,
                    -0.013340048023440612,
                    -0.3802839547418751,
                    3975.0
                ],
                [
                    -0.014704680329538465,
                    -0.18627560557098932,
                    -0.9823874852346031,
                    -0.14003989949492074,
                    3334.375349836319
                ]
            ]
        },
        {
            "file_path": "./images/image009.png",
            "rotation": 0.0,
            "transform_matrix": [
                [
                    0.015557318388379891,
                    0.9709106883661565,
                    -0.23893598527831444,
                    -4.847447101679988,
                    2980.0
                ],
                [
                    0.9997662259135505,
                    -0.018693488374308075,
                    -0.01086494431533316,
                    -0.3550565770095818,
                    3975.0
                ],
                [
                    -0.015015437627264096,
                    -0.23871109883865038,
                    -0.9709745351573881,
                    0.1295554329312599,
                    3334.375349836319
                ]
            ]
        },
        {
            "file_path": "./images/image010.png",
            "rotation": 0.0,
            "transform_matrix": [
                [
                    0.011493766293550183,
                    0.9743705743803998,
                    -0.22465501801205998,
                    -4.784360593648994,
                    2980.0
                ],
                [
                    0.9998946359349282,
                    -0.009207376781208334,
                    0.011222354537535636,
                    0.7193091457268161,
                    3975.0
                ],
                [
                    0.008866248640012906,
                    -0.22476033456644126,
                    -0.9743737381726967,
                    -0.05784804150206396,
                    3334.375349836319
                ]
            ]
        },
        {
            "file_path": "./images/image011.png",
            "rotation": 0.0,
            "transform_matrix": [
                [
                    0.007047007892394606,
                    0.9904809275095208,
                    -0.1374695308773685,
                    -1.8297352008770413,
                    2980.0
                ],
                [
                    0.999865751111079,
                    -0.00494571103033304,
                    0.015621129840125375,
                    0.4675384085808349,
                    3975.0
                ],
                [
                    0.014792546597599123,
                    -0.13756115797085924,
                    -0.9903828090101697,
                    -0.18321311013326788,
                    3334.375349836319
                ]
            ]
        },
        {
            "file_path": "./images/image012.png",
            "rotation": 0.0,
            "transform_matrix": [
                [
                    0.0243325471427542,
                    0.9995622804931094,
                    -0.016827791446309512,
                    0.7180009044221146,
                    2980.0
                ],
                [
                    0.999662484544404,
                    -0.024481346505546467,
                    -0.008693714268643116,
                    0.5142194861116949,
                    3975.0
                ],
                [
                    -0.00910187585364057,
                    -0.01661057159432544,
                    -0.9998206062925763,
                    -0.15847001643752806,
                    3334.375349836319
                ]
            ]
        },
        {
            "file_path": "./images/image013.png",
            "rotation": 0.0,
            "transform_matrix": [
                [
                    0.0246645520029293,
                    0.9990641334350113,
                    0.03553191745803576,
                    3.021276072057758,
                    2980.0
                ],
                [
                    0.9996899375734407,
                    -0.02477037626786018,
                    0.0025410969990645586,
                    0.5400072956702099,
                    3975.0
                ],
                [
                    0.003418857836298837,
                    0.0354582253264105,
                    -0.9993653114191009,
                    0.016231616901006007,
                    3334.375349836319
                ]
            ]
        },
        {
            "file_path": "./images/image014.png",
            "rotation": 0.0,
            "transform_matrix": [
                [
                    0.014885780491631527,
                    0.9971061124375641,
                    0.07455074834502182,
                    4.987097102858656,
                    2980.0
                ],
                [
                    0.9991116468604458,
                    -0.01777261860097527,
                    0.03821061548669401,
                    0.5685774676366828,
                    3975.0
                ],
                [
                    0.0394250002785374,
                    0.07391572611908835,
                    -0.9964848893913673,
                    0.33739337627010907,
                    3334.375349836319
                ]
            ]
        },
        {
            "file_path": "./images/image015.png",
            "rotation": 0.0,
            "transform_matrix": [
                [
                    0.01982181465671829,
                    0.9961537712013969,
                    0.08535080424313529,
                    5.3848617678040895,
                    2980.0
                ],
                [
                    0.99805892608938,
                    -0.024755908254539903,
                    0.057144772812624096,
                    1.1735889431963256,
                    3975.0
                ],
                [
                    0.059037917621036794,
                    0.08405241892847641,
                    -0.9947108701302321,
                    0.408663155200245,
                    3334.375349836319
                ]
            ]
        },
        {
            "file_path": "./images/image016.png",
            "rotation": 0.0,
            "transform_matrix": [
                [
                    0.013648586481750036,
                    0.9997729595482935,
                    0.01636292892780993,
                    3.1578061992616293,
                    2980.0
                ],
                [
                    0.9990417568835315,
                    -0.014315525622141318,
                    0.04135980813820367,
                    1.4569374109469546,
                    3975.0
                ],
                [
                    0.041584661717000815,
                    0.015782746345556722,
                    -0.9990103206812603,
                    0.25229163923644193,
                    3334.375349836319
                ]
            ]
        },
        {
            "file_path": "./images/image017.png",
            "rotation": 0.0,
            "transform_matrix": [
                [
                    -0.01293436879369354,
                    0.9954770302011275,
                    -0.0941179283975794,
                    0.34102494848418047,
                    2980.0
                ],
                [
                    0.9993353915508082,
                    0.016077581034239456,
                    0.032715234709241384,
                    1.4816889479683375,
                    3975.0
                ],
                [
                    0.034080453311275294,
                    -0.09363222591624436,
                    -0.9950233811182868,
                    0.25851306475480557,
                    3334.375349836319
                ]
            ]
        },
        {
            "file_path": "./images/image018.png",
            "rotation": 0.0,
            "transform_matrix": [
                [
                    -0.003244023850118716,
                    0.9859146890433694,
                    -0.1672175296964293,
                    -2.051009399787842,
                    2980.0
                ],
                [
                    0.9991044530730052,
                    0.010250030226403773,
                    0.04105153748702908,
                    1.6750727163194217,
                    3975.0
                ],
                [
                    0.04218729855004947,
                    -0.16693460638487806,
                    -0.9850650075158364,
                    0.49187259626232954,
                    3334.375349836319
                ]
            ]
        },
        {
            "file_path": "./images/image019.png",
            "rotation": 0.0,
            "transform_matrix": [
                [
                    -0.039431162091747476,
                    0.9781060101227692,
                    -0.20433750614562143,
                    -3.8733525470608074,
                    2980.0
                ],
                [
                    0.9978527465756624,
                    0.04924805391376725,
                    0.043180149804204794,
                    1.730256448552083,
                    3975.0
                ],
                [
                    0.05229798856075852,
                    -0.2021960982497541,
                    -0.9779476766397446,
                    0.8667032772990606,
                    3334.375349836319
                ]
            ]
        }
    ]
}